#Pesos entrada capa oculta 
DATA1 
5.207214104744142, -1.393895302162194, 0.8331567037300582, -0.3142441530708443, 0.18635596100819127, -3.906607001907365, 14.428041025159821, 3.0353603627518444
1.9164956228854129, 2.058660007004149, 1.7301325048152656, 1.0831116796845504, -0.1888437023664323, -2.3725859364734796, -5.446181155872678, -4.970118652204307
0.8174006601208464, -3.1045319183268303, -1.4553358570575454, 3.7578741932011694, 0.7435045963382148, 1.6445113472389938, -2.608587590417745, 4.382720728024528
-5.809278483131572, 0.013791186437672092, -0.08532192181737022, -5.569910347686468, -0.10151036159493475, -2.191186412635018, 2.161617119099221, -7.002325012386861
11.004312709975556, -1.987856354744896, -1.6309568254996045, -2.8425314065433165, -0.26367765989285125, -6.705233063203985, -7.14357303919993, 1.3835316772707242
-2.000656550151269, 2.6406961534959086, 0.35103772820528284, -0.9714669423007802, 0.41334644576064705, 1.6328965086670943, 1.3639503235071924, 3.7104016926216827
8.256390290888197, 0.3115291792427007, -4.2741853430761525, 1.4830994190978464, 6.349252062756038, -1.9227924273371368, 6.080704375751566, -7.215453872403255
#Pesos capa oculta capa salida 
DATA2 
-11.163003532166279, -8.302652785977726, 3.526675754451001, 2.308023074046728, 4.245303138597489, -9.91534446762291, 9.412896905267878
0.6216317154085055, -4.6105518965051004, -2.885117885532252, -9.712264748236146, 4.247251557661921, 7.259598740628024, -2.329605274421667
7.270032081665643, 7.842632727866806, -4.758904380140646, -3.766527938035296, -4.546518877153951, -11.936019525417318, -4.498516734212256
-3.782754879719272, -5.99025319186429, -3.9205043902569576, 13.474811169373504, -8.58548241165929, 3.2238930844046196, -7.828637242754542
#Datos de medias
DATA3
0.21123594347223373, 420.7475, 2.7482660329252924, 0.4620161398687167, 71.96573660249996, 0.43213230260799584, 0.9720177307483179, 2.085
#Datos de desviación
DATA4
0.1349383134113968, 398.43562057595955, 0.5682768751620355, 0.30148904481529387, 30.776677771240518, 0.2451117907495492, 0.22830585944542162, 2.6273132664377883
